file,publisher,reportDate,fieldworkEnd,sampleSize,includedInCurrentModel,table,page,party,partyId,seats,rawPct,reportedBound,adult_jewish,youth,haredi,arab
themadad-allpolls.html,ערוץ 16,2026-09-24,,500,True,המנדטים והאחוזים שפורסמו — תא ריק משמעו נתון חסר,1,ישר!,yashar,23,,,,,,
themadad-allpolls.html,ערוץ 16,2026-09-24,,500,True,המנדטים והאחוזים שפורסמו — תא ריק משמעו נתון חסר,1,הליכוד,likud,19,,,,,,
themadad-allpolls.html,ערוץ 16,2026-09-24,,500,True,המנדטים והאחוזים שפורסמו — תא ריק משמעו נתון חסר,1,ביחד,beyachad,13,,,,,,
themadad-allpolls.html,ערוץ 16,2026-09-24,,500,True,המנדטים והאחוזים שפורסמו — תא ריק משמעו נתון חסר,1,הדמוקרטים,democrats,8,,,,,,
themadad-allpolls.html,ערוץ 16,2026-09-24,,500,True,המנדטים והאחוזים שפורסמו — תא ריק משמעו נתון חסר,1,ישראל ביתנו,yisrael_beiteinu,8,,,,,,
themadad-allpolls.html,ערוץ 16,2026-09-24,,500,True,המנדטים והאחוזים שפורסמו — תא ריק משמעו נתון חסר,1,יהדות התורה,utj,7,,,,,,
themadad-allpolls.html,ערוץ 16,2026-09-24,,500,True,המנדטים והאחוזים שפורסמו — תא ריק משמעו נתון חסר,1,הרשימה המשותפת,joint,7,,,,,,
themadad-allpolls.html,ערוץ 16,2026-09-24,,500,True,המנדטים והאחוזים שפורסמו — תא ריק משמעו נתון חסר,1,ש״ס,shas,8,,,,,,
themadad-allpolls.html,ערוץ 16,2026-09-24,,500,True,המנדטים והאחוזים שפורסמו — תא ריק משמעו נתון חסר,1,עוצמה יהודית,otzma,9,,,,,,
themadad-allpolls.html,ערוץ 16,2026-09-24,,500,True,המנדטים והאחוזים שפורסמו — תא ריק משמעו נתון חסר,1,הציונות הדתית–זהות,rz_zehut,5,,,,,,
themadad-allpolls.html,ערוץ 16,2026-09-24,,500,True,המנדטים והאחוזים שפורסמו — תא ריק משמעו נתון חסר,1,רע״ם,raam,5,,,,,,
themadad-allpolls.html,ערוץ 16,2026-09-24,,500,True,המנדטים והאחוזים שפורסמו — תא ריק משמעו נתון חסר,1,עמך ישראל,winter,4,,,,,,
themadad-allpolls.html,ערוץ 16,2026-09-24,,500,True,המנדטים והאחוזים שפורסמו — תא ריק משמעו נתון חסר,1,המילואימניקים והכלכלית,hendel,4,,,,,,
themadad-allpolls.html,ערוץ 16,2026-09-24,,500,True,המנדטים והאחוזים שפורסמו — תא ריק משמעו נתון חסר,1,כחול לבן,gantz,0,,,,,,
themadad-allpolls.html,ערוץ 16,2026-09-24,,500,True,המנדטים והאחוזים שפורסמו — תא ריק משמעו נתון חסר,1,נעם לישראל,noam,,,,,,,
themadad-allpolls.html,ערוץ 16,2026-09-24,,500,True,המנדטים והאחוזים שפורסמו — תא ריק משמעו נתון חסר,1,הציבור החרדי,haredi_public,0,,,,,,
themadad-allpolls.html,ערוץ 16,2026-09-24,,500,True,המנדטים והאחוזים שפורסמו — תא ריק משמעו נתון חסר,1,ישראל תחילה,israel_first,,,,,,,
themadad-allpolls.html,ערוץ 16,2026-09-24,,500,True,המנדטים והאחוזים שפורסמו — תא ריק משמעו נתון חסר,1,רשימות אחרות,other,,,,,,,
channel14-2026-09-23-primary.html,חדשות 14,2026-09-23,2026-09-23,647,True,המנדטים והאחוזים שפורסמו — תא ריק משמעו נתון חסר,1,ישר!,yashar,22,,,,,,
channel14-2026-09-23-primary.html,חדשות 14,2026-09-23,2026-09-23,647,True,המנדטים והאחוזים שפורסמו — תא ריק משמעו נתון חסר,1,הליכוד,likud,32,,,,,,
channel14-2026-09-23-primary.html,חדשות 14,2026-09-23,2026-09-23,647,True,המנדטים והאחוזים שפורסמו — תא ריק משמעו נתון חסר,1,ביחד,beyachad,7,,,,,,
channel14-2026-09-23-primary.html,חדשות 14,2026-09-23,2026-09-23,647,True,המנדטים והאחוזים שפורסמו — תא ריק משמעו נתון חסר,1,הדמוקרטים,democrats,9,,,,,,
channel14-2026-09-23-primary.html,חדשות 14,2026-09-23,2026-09-23,647,True,המנדטים והאחוזים שפורסמו — תא ריק משמעו נתון חסר,1,ישראל ביתנו,yisrael_beiteinu,7,,,,,,
channel14-2026-09-23-primary.html,חדשות 14,2026-09-23,2026-09-23,647,True,המנדטים והאחוזים שפורסמו — תא ריק משמעו נתון חסר,1,יהדות התורה,utj,7,,,,,,
channel14-2026-09-23-primary.html,חדשות 14,2026-09-23,2026-09-23,647,True,המנדטים והאחוזים שפורסמו — תא ריק משמעו נתון חסר,1,הרשימה המשותפת,joint,7,,,,,,
channel14-2026-09-23-primary.html,חדשות 14,2026-09-23,2026-09-23,647,True,המנדטים והאחוזים שפורסמו — תא ריק משמעו נתון חסר,1,ש״ס,shas,11,,,,,,
channel14-2026-09-23-primary.html,חדשות 14,2026-09-23,2026-09-23,647,True,המנדטים והאחוזים שפורסמו — תא ריק משמעו נתון חסר,1,עוצמה יהודית,otzma,6,,,,,,
channel14-2026-09-23-primary.html,חדשות 14,2026-09-23,2026-09-23,647,True,המנדטים והאחוזים שפורסמו — תא ריק משמעו נתון חסר,1,הציונות הדתית–זהות,rz_zehut,7,,,,,,
channel14-2026-09-23-primary.html,חדשות 14,2026-09-23,2026-09-23,647,True,המנדטים והאחוזים שפורסמו — תא ריק משמעו נתון חסר,1,רע״ם,raam,5,,,,,,
channel14-2026-09-23-primary.html,חדשות 14,2026-09-23,2026-09-23,647,True,המנדטים והאחוזים שפורסמו — תא ריק משמעו נתון חסר,1,עמך ישראל,winter,0,1.9,,,,,
channel14-2026-09-23-primary.html,חדשות 14,2026-09-23,2026-09-23,647,True,המנדטים והאחוזים שפורסמו — תא ריק משמעו נתון חסר,1,המילואימניקים והכלכלית,hendel,0,2.2,,,,,
channel14-2026-09-23-primary.html,חדשות 14,2026-09-23,2026-09-23,647,True,המנדטים והאחוזים שפורסמו — תא ריק משמעו נתון חסר,1,כחול לבן,gantz,0,0.3,,,,,
channel14-2026-09-23-primary.html,חדשות 14,2026-09-23,2026-09-23,647,True,המנדטים והאחוזים שפורסמו — תא ריק משמעו נתון חסר,1,נעם לישראל,noam,0,0.1,,,,,
channel14-2026-09-23-primary.html,חדשות 14,2026-09-23,2026-09-23,647,True,המנדטים והאחוזים שפורסמו — תא ריק משמעו נתון חסר,1,הציבור החרדי,haredi_public,0,0.5,,,,,
channel14-2026-09-23-primary.html,חדשות 14,2026-09-23,2026-09-23,647,True,המנדטים והאחוזים שפורסמו — תא ריק משמעו נתון חסר,1,ישראל תחילה,israel_first,,,,,,,
channel14-2026-09-23-primary.html,חדשות 14,2026-09-23,2026-09-23,647,True,המנדטים והאחוזים שפורסמו — תא ריק משמעו נתון חסר,1,רשימות אחרות,other,,,,,,,
zman-2026-09-24-web-reader.txt,זמן ישראל,2026-09-24,2026-09-24,500,True,המנדטים והאחוזים שפורסמו — תא ריק משמעו נתון חסר,1,ישר!,yashar,23,,,,,,
zman-2026-09-24-web-reader.txt,זמן ישראל,2026-09-24,2026-09-24,500,True,המנדטים והאחוזים שפורסמו — תא ריק משמעו נתון חסר,1,הליכוד,likud,21,,,,,,
zman-2026-09-24-web-reader.txt,זמן ישראל,2026-09-24,2026-09-24,500,True,המנדטים והאחוזים שפורסמו — תא ריק משמעו נתון חסר,1,ביחד,beyachad,12,,,,,,
zman-2026-09-24-web-reader.txt,זמן ישראל,2026-09-24,2026-09-24,500,True,המנדטים והאחוזים שפורסמו — תא ריק משמעו נתון חסר,1,הדמוקרטים,democrats,8,,,,,,
zman-2026-09-24-web-reader.txt,זמן ישראל,2026-09-24,2026-09-24,500,True,המנדטים והאחוזים שפורסמו — תא ריק משמעו נתון חסר,1,ישראל ביתנו,yisrael_beiteinu,10,,,,,,
zman-2026-09-24-web-reader.txt,זמן ישראל,2026-09-24,2026-09-24,500,True,המנדטים והאחוזים שפורסמו — תא ריק משמעו נתון חסר,1,יהדות התורה,utj,8,,,,,,
zman-2026-09-24-web-reader.txt,זמן ישראל,2026-09-24,2026-09-24,500,True,המנדטים והאחוזים שפורסמו — תא ריק משמעו נתון חסר,1,הרשימה המשותפת,joint,8,,,,,,
zman-2026-09-24-web-reader.txt,זמן ישראל,2026-09-24,2026-09-24,500,True,המנדטים והאחוזים שפורסמו — תא ריק משמעו נתון חסר,1,ש״ס,shas,10,,,,,,
zman-2026-09-24-web-reader.txt,זמן ישראל,2026-09-24,2026-09-24,500,True,המנדטים והאחוזים שפורסמו — תא ריק משמעו נתון חסר,1,עוצמה יהודית,otzma,6,,,,,,
zman-2026-09-24-web-reader.txt,זמן ישראל,2026-09-24,2026-09-24,500,True,המנדטים והאחוזים שפורסמו — תא ריק משמעו נתון חסר,1,הציונות הדתית–זהות,rz_zehut,4,,,,,,
zman-2026-09-24-web-reader.txt,זמן ישראל,2026-09-24,2026-09-24,500,True,המנדטים והאחוזים שפורסמו — תא ריק משמעו נתון חסר,1,רע״ם,raam,6,,,,,,
zman-2026-09-24-web-reader.txt,זמן ישראל,2026-09-24,2026-09-24,500,True,המנדטים והאחוזים שפורסמו — תא ריק משמעו נתון חסר,1,עמך ישראל,winter,4,,,,,,
zman-2026-09-24-web-reader.txt,זמן ישראל,2026-09-24,2026-09-24,500,True,המנדטים והאחוזים שפורסמו — תא ריק משמעו נתון חסר,1,המילואימניקים והכלכלית,hendel,0,2.6,,,,,
zman-2026-09-24-web-reader.txt,זמן ישראל,2026-09-24,2026-09-24,500,True,המנדטים והאחוזים שפורסמו — תא ריק משמעו נתון חסר,1,כחול לבן,gantz,0,1.6,,,,,
zman-2026-09-24-web-reader.txt,זמן ישראל,2026-09-24,2026-09-24,500,True,המנדטים והאחוזים שפורסמו — תא ריק משמעו נתון חסר,1,נעם לישראל,noam,,,,,,,
zman-2026-09-24-web-reader.txt,זמן ישראל,2026-09-24,2026-09-24,500,True,המנדטים והאחוזים שפורסמו — תא ריק משמעו נתון חסר,1,הציבור החרדי,haredi_public,,,,,,,
zman-2026-09-24-web-reader.txt,זמן ישראל,2026-09-24,2026-09-24,500,True,המנדטים והאחוזים שפורסמו — תא ריק משמעו נתון חסר,1,ישראל תחילה,israel_first,,,,,,,
zman-2026-09-24-web-reader.txt,זמן ישראל,2026-09-24,2026-09-24,500,True,המנדטים והאחוזים שפורסמו — תא ריק משמעו נתון חסר,1,רשימות אחרות,other,,,,,,,
i24-2026-09-24.html,i24NEWS,2026-09-24,2026-09-24,537,True,המנדטים והאחוזים שפורסמו — תא ריק משמעו נתון חסר,1,ישר!,yashar,22,,,,,,
i24-2026-09-24.html,i24NEWS,2026-09-24,2026-09-24,537,True,המנדטים והאחוזים שפורסמו — תא ריק משמעו נתון חסר,1,הליכוד,likud,27,,,,,,
i24-2026-09-24.html,i24NEWS,2026-09-24,2026-09-24,537,True,המנדטים והאחוזים שפורסמו — תא ריק משמעו נתון חסר,1,ביחד,beyachad,9,,,,,,
i24-2026-09-24.html,i24NEWS,2026-09-24,2026-09-24,537,True,המנדטים והאחוזים שפורסמו — תא ריק משמעו נתון חסר,1,הדמוקרטים,democrats,9,,,,,,
i24-2026-09-24.html,i24NEWS,2026-09-24,2026-09-24,537,True,המנדטים והאחוזים שפורסמו — תא ריק משמעו נתון חסר,1,ישראל ביתנו,yisrael_beiteinu,7,,,,,,
i24-2026-09-24.html,i24NEWS,2026-09-24,2026-09-24,537,True,המנדטים והאחוזים שפורסמו — תא ריק משמעו נתון חסר,1,יהדות התורה,utj,8,,,,,,
i24-2026-09-24.html,i24NEWS,2026-09-24,2026-09-24,537,True,המנדטים והאחוזים שפורסמו — תא ריק משמעו נתון חסר,1,הרשימה המשותפת,joint,7,,,,,,
i24-2026-09-24.html,i24NEWS,2026-09-24,2026-09-24,537,True,המנדטים והאחוזים שפורסמו — תא ריק משמעו נתון חסר,1,ש״ס,shas,7,,,,,,
i24-2026-09-24.html,i24NEWS,2026-09-24,2026-09-24,537,True,המנדטים והאחוזים שפורסמו — תא ריק משמעו נתון חסר,1,עוצמה יהודית,otzma,8,,,,,,
i24-2026-09-24.html,i24NEWS,2026-09-24,2026-09-24,537,True,המנדטים והאחוזים שפורסמו — תא ריק משמעו נתון חסר,1,הציונות הדתית–זהות,rz_zehut,6,,,,,,
i24-2026-09-24.html,i24NEWS,2026-09-24,2026-09-24,537,True,המנדטים והאחוזים שפורסמו — תא ריק משמעו נתון חסר,1,רע״ם,raam,6,,,,,,
i24-2026-09-24.html,i24NEWS,2026-09-24,2026-09-24,537,True,המנדטים והאחוזים שפורסמו — תא ריק משמעו נתון חסר,1,עמך ישראל,winter,4,,,,,,
i24-2026-09-24.html,i24NEWS,2026-09-24,2026-09-24,537,True,המנדטים והאחוזים שפורסמו — תא ריק משמעו נתון חסר,1,המילואימניקים והכלכלית,hendel,0,1.6,,,,,
i24-2026-09-24.html,i24NEWS,2026-09-24,2026-09-24,537,True,המנדטים והאחוזים שפורסמו — תא ריק משמעו נתון חסר,1,כחול לבן,gantz,0,,פחות מ־1%,,,,
i24-2026-09-24.html,i24NEWS,2026-09-24,2026-09-24,537,True,המנדטים והאחוזים שפורסמו — תא ריק משמעו נתון חסר,1,נעם לישראל,noam,0,,פחות מ־1%,,,,
i24-2026-09-24.html,i24NEWS,2026-09-24,2026-09-24,537,True,המנדטים והאחוזים שפורסמו — תא ריק משמעו נתון חסר,1,הציבור החרדי,haredi_public,0,,פחות מ־1%,,,,
i24-2026-09-24.html,i24NEWS,2026-09-24,2026-09-24,537,True,המנדטים והאחוזים שפורסמו — תא ריק משמעו נתון חסר,1,ישראל תחילה,israel_first,0,,פחות מ־1%,,,,
i24-2026-09-24.html,i24NEWS,2026-09-24,2026-09-24,537,True,המנדטים והאחוזים שפורסמו — תא ריק משמעו נתון חסר,1,רשימות אחרות,other,,,,,,,
maariv-lazar-2026-09-25-1370546.html,מעריב,2026-09-25,2026-09-24,610,True,המנדטים והאחוזים שפורסמו — תא ריק משמעו נתון חסר,1,ישר!,yashar,22,,,,,,
maariv-lazar-2026-09-25-1370546.html,מעריב,2026-09-25,2026-09-24,610,True,המנדטים והאחוזים שפורסמו — תא ריק משמעו נתון חסר,1,הליכוד,likud,18,,,,,,
maariv-lazar-2026-09-25-1370546.html,מעריב,2026-09-25,2026-09-24,610,True,המנדטים והאחוזים שפורסמו — תא ריק משמעו נתון חסר,1,ביחד,beyachad,13,,,,,,
maariv-lazar-2026-09-25-1370546.html,מעריב,2026-09-25,2026-09-24,610,True,המנדטים והאחוזים שפורסמו — תא ריק משמעו נתון חסר,1,הדמוקרטים,democrats,11,,,,,,
maariv-lazar-2026-09-25-1370546.html,מעריב,2026-09-25,2026-09-24,610,True,המנדטים והאחוזים שפורסמו — תא ריק משמעו נתון חסר,1,ישראל ביתנו,yisrael_beiteinu,9,,,,,,
maariv-lazar-2026-09-25-1370546.html,מעריב,2026-09-25,2026-09-24,610,True,המנדטים והאחוזים שפורסמו — תא ריק משמעו נתון חסר,1,יהדות התורה,utj,6,,,,,,
maariv-lazar-2026-09-25-1370546.html,מעריב,2026-09-25,2026-09-24,610,True,המנדטים והאחוזים שפורסמו — תא ריק משמעו נתון חסר,1,הרשימה המשותפת,joint,7,,,,,,
maariv-lazar-2026-09-25-1370546.html,מעריב,2026-09-25,2026-09-24,610,True,המנדטים והאחוזים שפורסמו — תא ריק משמעו נתון חסר,1,ש״ס,shas,6,,,,,,
maariv-lazar-2026-09-25-1370546.html,מעריב,2026-09-25,2026-09-24,610,True,המנדטים והאחוזים שפורסמו — תא ריק משמעו נתון חסר,1,עוצמה יהודית,otzma,9,,,,,,
maariv-lazar-2026-09-25-1370546.html,מעריב,2026-09-25,2026-09-24,610,True,המנדטים והאחוזים שפורסמו — תא ריק משמעו נתון חסר,1,הציונות הדתית–זהות,rz_zehut,6,,,,,,
maariv-lazar-2026-09-25-1370546.html,מעריב,2026-09-25,2026-09-24,610,True,המנדטים והאחוזים שפורסמו — תא ריק משמעו נתון חסר,1,רע״ם,raam,5,,,,,,
maariv-lazar-2026-09-25-1370546.html,מעריב,2026-09-25,2026-09-24,610,True,המנדטים והאחוזים שפורסמו — תא ריק משמעו נתון חסר,1,עמך ישראל,winter,4,,,,,,
maariv-lazar-2026-09-25-1370546.html,מעריב,2026-09-25,2026-09-24,610,True,המנדטים והאחוזים שפורסמו — תא ריק משמעו נתון חסר,1,המילואימניקים והכלכלית,hendel,4,,,,,,
maariv-lazar-2026-09-25-1370546.html,מעריב,2026-09-25,2026-09-24,610,True,המנדטים והאחוזים שפורסמו — תא ריק משמעו נתון חסר,1,כחול לבן,gantz,0,1.3,,,,,
maariv-lazar-2026-09-25-1370546.html,מעריב,2026-09-25,2026-09-24,610,True,המנדטים והאחוזים שפורסמו — תא ריק משמעו נתון חסר,1,נעם לישראל,noam,0,0.7,,,,,
maariv-lazar-2026-09-25-1370546.html,מעריב,2026-09-25,2026-09-24,610,True,המנדטים והאחוזים שפורסמו — תא ריק משמעו נתון חסר,1,הציבור החרדי,haredi_public,0,0.9,,,,,
maariv-lazar-2026-09-25-1370546.html,מעריב,2026-09-25,2026-09-24,610,True,המנדטים והאחוזים שפורסמו — תא ריק משמעו נתון חסר,1,ישראל תחילה,israel_first,,,,,,,
maariv-lazar-2026-09-25-1370546.html,מעריב,2026-09-25,2026-09-24,610,True,המנדטים והאחוזים שפורסמו — תא ריק משמעו נתון חסר,1,רשימות אחרות,other,,,,,,,
themadad-channel13-2026-09-23.html,חדשות 13,2026-09-23,2026-09-23,1503,True,המנדטים והאחוזים שפורסמו — תא ריק משמעו נתון חסר,1,ישר!,yashar,22,,,,,,
themadad-channel13-2026-09-23.html,חדשות 13,2026-09-23,2026-09-23,1503,True,המנדטים והאחוזים שפורסמו — תא ריק משמעו נתון חסר,1,הליכוד,likud,18,,,,,,
themadad-channel13-2026-09-23.html,חדשות 13,2026-09-23,2026-09-23,1503,True,המנדטים והאחוזים שפורסמו — תא ריק משמעו נתון חסר,1,ביחד,beyachad,11,,,,,,
themadad-channel13-2026-09-23.html,חדשות 13,2026-09-23,2026-09-23,1503,True,המנדטים והאחוזים שפורסמו — תא ריק משמעו נתון חסר,1,הדמוקרטים,democrats,11,,,,,,
themadad-channel13-2026-09-23.html,חדשות 13,2026-09-23,2026-09-23,1503,True,המנדטים והאחוזים שפורסמו — תא ריק משמעו נתון חסר,1,ישראל ביתנו,yisrael_beiteinu,8,,,,,,
themadad-channel13-2026-09-23.html,חדשות 13,2026-09-23,2026-09-23,1503,True,המנדטים והאחוזים שפורסמו — תא ריק משמעו נתון חסר,1,יהדות התורה,utj,8,,,,,,
themadad-channel13-2026-09-23.html,חדשות 13,2026-09-23,2026-09-23,1503,True,המנדטים והאחוזים שפורסמו — תא ריק משמעו נתון חסר,1,הרשימה המשותפת,joint,8,,,,,,
themadad-channel13-2026-09-23.html,חדשות 13,2026-09-23,2026-09-23,1503,True,המנדטים והאחוזים שפורסמו — תא ריק משמעו נתון חסר,1,ש״ס,shas,7,,,,,,
themadad-channel13-2026-09-23.html,חדשות 13,2026-09-23,2026-09-23,1503,True,המנדטים והאחוזים שפורסמו — תא ריק משמעו נתון חסר,1,עוצמה יהודית,otzma,7,,,,,,
themadad-channel13-2026-09-23.html,חדשות 13,2026-09-23,2026-09-23,1503,True,המנדטים והאחוזים שפורסמו — תא ריק משמעו נתון חסר,1,הציונות הדתית–זהות,rz_zehut,6,,,,,,
themadad-channel13-2026-09-23.html,חדשות 13,2026-09-23,2026-09-23,1503,True,המנדטים והאחוזים שפורסמו — תא ריק משמעו נתון חסר,1,רע״ם,raam,5,,,,,,
themadad-channel13-2026-09-23.html,חדשות 13,2026-09-23,2026-09-23,1503,True,המנדטים והאחוזים שפורסמו — תא ריק משמעו נתון חסר,1,עמך ישראל,winter,5,,,,,,
themadad-channel13-2026-09-23.html,חדשות 13,2026-09-23,2026-09-23,1503,True,המנדטים והאחוזים שפורסמו — תא ריק משמעו נתון חסר,1,המילואימניקים והכלכלית,hendel,4,,,,,,
themadad-channel13-2026-09-23.html,חדשות 13,2026-09-23,2026-09-23,1503,True,המנדטים והאחוזים שפורסמו — תא ריק משמעו נתון חסר,1,כחול לבן,gantz,0,0.8,,,,,
themadad-channel13-2026-09-23.html,חדשות 13,2026-09-23,2026-09-23,1503,True,המנדטים והאחוזים שפורסמו — תא ריק משמעו נתון חסר,1,נעם לישראל,noam,,,,,,,
themadad-channel13-2026-09-23.html,חדשות 13,2026-09-23,2026-09-23,1503,True,המנדטים והאחוזים שפורסמו — תא ריק משמעו נתון חסר,1,הציבור החרדי,haredi_public,0,1.3,,,,,
themadad-channel13-2026-09-23.html,חדשות 13,2026-09-23,2026-09-23,1503,True,המנדטים והאחוזים שפורסמו — תא ריק משמעו נתון חסר,1,ישראל תחילה,israel_first,,,,,,,
themadad-channel13-2026-09-23.html,חדשות 13,2026-09-23,2026-09-23,1503,True,המנדטים והאחוזים שפורסמו — תא ריק משמעו נתון חסר,1,רשימות אחרות,other,,,,,,,
n12-midgam-article-fad59e819c9c0a1027.html,חדשות 12,2026-09-22,2026-09-22,501,True,המנדטים והאחוזים שפורסמו בחדשות 12,1,ישר!,,23,,,,,,
n12-midgam-article-fad59e819c9c0a1027.html,חדשות 12,2026-09-22,2026-09-22,501,True,המנדטים והאחוזים שפורסמו בחדשות 12,1,הליכוד,,20,,,,,,
n12-midgam-article-fad59e819c9c0a1027.html,חדשות 12,2026-09-22,2026-09-22,501,True,המנדטים והאחוזים שפורסמו בחדשות 12,1,ביחד,,13,,,,,,
n12-midgam-article-fad59e819c9c0a1027.html,חדשות 12,2026-09-22,2026-09-22,501,True,המנדטים והאחוזים שפורסמו בחדשות 12,1,הדמוקרטים,,9,,,,,,
n12-midgam-article-fad59e819c9c0a1027.html,חדשות 12,2026-09-22,2026-09-22,501,True,המנדטים והאחוזים שפורסמו בחדשות 12,1,ישראל ביתנו,,9,,,,,,
n12-midgam-article-fad59e819c9c0a1027.html,חדשות 12,2026-09-22,2026-09-22,501,True,המנדטים והאחוזים שפורסמו בחדשות 12,1,יהדות התורה,,8,,,,,,
n12-midgam-article-fad59e819c9c0a1027.html,חדשות 12,2026-09-22,2026-09-22,501,True,המנדטים והאחוזים שפורסמו בחדשות 12,1,הרשימה המשותפת,,7,,,,,,
n12-midgam-article-fad59e819c9c0a1027.html,חדשות 12,2026-09-22,2026-09-22,501,True,המנדטים והאחוזים שפורסמו בחדשות 12,1,ש״ס,,7,,,,,,
n12-midgam-article-fad59e819c9c0a1027.html,חדשות 12,2026-09-22,2026-09-22,501,True,המנדטים והאחוזים שפורסמו בחדשות 12,1,עוצמה יהודית,,6,,,,,,
n12-midgam-article-fad59e819c9c0a1027.html,חדשות 12,2026-09-22,2026-09-22,501,True,המנדטים והאחוזים שפורסמו בחדשות 12,1,הציונות הדתית–זהות,,5,,,,,,
n12-midgam-article-fad59e819c9c0a1027.html,חדשות 12,2026-09-22,2026-09-22,501,True,המנדטים והאחוזים שפורסמו בחדשות 12,1,רע״ם,,5,,,,,,
n12-midgam-article-fad59e819c9c0a1027.html,חדשות 12,2026-09-22,2026-09-22,501,True,המנדטים והאחוזים שפורסמו בחדשות 12,1,עמך ישראל,,4,,,,,,
n12-midgam-article-fad59e819c9c0a1027.html,חדשות 12,2026-09-22,2026-09-22,501,True,המנדטים והאחוזים שפורסמו בחדשות 12,1,המילואימניקים והכלכלית,,4,,,,,,
n12-midgam-article-fad59e819c9c0a1027.html,חדשות 12,2026-09-22,2026-09-22,501,True,המנדטים והאחוזים שפורסמו בחדשות 12,1,כחול לבן,,0,0.7,,,,,
n12-midgam-article-fad59e819c9c0a1027.html,חדשות 12,2026-09-22,2026-09-22,501,True,המנדטים והאחוזים שפורסמו בחדשות 12,1,הציבור החרדי,,0,0.3,,,,,
n12-midgam-article-fad59e819c9c0a1027.html,חדשות 12,2026-09-22,2026-09-22,501,True,המנדטים והאחוזים שפורסמו בחדשות 12,1,נעם לישראל,,0,0.1,,,,,
n12-midgam-article-fad59e819c9c0a1027.html,חדשות 12,2026-09-22,2026-09-22,501,True,המנדטים והאחוזים שפורסמו בחדשות 12,1,ישראל תחילה,,0,0.0,,,,,
n12-midgam-article-fad59e819c9c0a1027.html,חדשות 12,2026-09-22,2026-09-22,501,True,חלוקת הגושים במקור — נפרדת מהגדרת הגושים במודל,1,קואליציה,,50,,,,,,
n12-midgam-article-fad59e819c9c0a1027.html,חדשות 12,2026-09-22,2026-09-22,501,True,חלוקת הגושים במקור — נפרדת מהגדרת הגושים במודל,1,אופוזיציה ציונית,,54,,,,,,
n12-midgam-article-fad59e819c9c0a1027.html,חדשות 12,2026-09-22,2026-09-22,501,True,חלוקת הגושים במקור — נפרדת מהגדרת הגושים במודל,1,מפלגות ערביות,,12,,,,,,
n12-midgam-article-fad59e819c9c0a1027.html,חדשות 12,2026-09-22,2026-09-22,501,True,חלוקת הגושים במקור — נפרדת מהגדרת הגושים במודל,1,הנדל–זליכה,,4,,,,,,
channel14-next-data-article-1706627.html,חדשות 14,2026-09-17,2026-09-17,817,False,המנדטים והאחוזים שפורסמו בחדשות 14,1,הליכוד,,31,,,,,,
channel14-next-data-article-1706627.html,חדשות 14,2026-09-17,2026-09-17,817,False,המנדטים והאחוזים שפורסמו בחדשות 14,1,ישר!,,20,,,,,,
channel14-next-data-article-1706627.html,חדשות 14,2026-09-17,2026-09-17,817,False,המנדטים והאחוזים שפורסמו בחדשות 14,1,ש״ס,,10,,,,,,
channel14-next-data-article-1706627.html,חדשות 14,2026-09-17,2026-09-17,817,False,המנדטים והאחוזים שפורסמו בחדשות 14,1,ביחד,,9,,,,,,
channel14-next-data-article-1706627.html,חדשות 14,2026-09-17,2026-09-17,817,False,המנדטים והאחוזים שפורסמו בחדשות 14,1,הדמוקרטים,,8,,,,,,
channel14-next-data-article-1706627.html,חדשות 14,2026-09-17,2026-09-17,817,False,המנדטים והאחוזים שפורסמו בחדשות 14,1,עוצמה יהודית,,8,,,,,,
channel14-next-data-article-1706627.html,חדשות 14,2026-09-17,2026-09-17,817,False,המנדטים והאחוזים שפורסמו בחדשות 14,1,יהדות התורה,,8,,,,,,
channel14-next-data-article-1706627.html,חדשות 14,2026-09-17,2026-09-17,817,False,המנדטים והאחוזים שפורסמו בחדשות 14,1,הציונות הדתית–זהות,,7,,,,,,
channel14-next-data-article-1706627.html,חדשות 14,2026-09-17,2026-09-17,817,False,המנדטים והאחוזים שפורסמו בחדשות 14,1,הרשימה המשותפת,,7,,,,,,
channel14-next-data-article-1706627.html,חדשות 14,2026-09-17,2026-09-17,817,False,המנדטים והאחוזים שפורסמו בחדשות 14,1,ישראל ביתנו,,7,,,,,,
channel14-next-data-article-1706627.html,חדשות 14,2026-09-17,2026-09-17,817,False,המנדטים והאחוזים שפורסמו בחדשות 14,1,רע״ם,,5,,,,,,
channel14-next-data-article-1706627.html,חדשות 14,2026-09-17,2026-09-17,817,False,המנדטים והאחוזים שפורסמו בחדשות 14,1,עמך ישראל,,0,2.6,,,,,
channel14-next-data-article-1706627.html,חדשות 14,2026-09-17,2026-09-17,817,False,המנדטים והאחוזים שפורסמו בחדשות 14,1,המילואימניקים והכלכלית,,0,2.2,,,,,
channel14-next-data-article-1706627.html,חדשות 14,2026-09-17,2026-09-17,817,False,המנדטים והאחוזים שפורסמו בחדשות 14,1,כחול לבן,,0,0.4,,,,,
channel14-next-data-article-1706627.html,חדשות 14,2026-09-17,2026-09-17,817,False,המנדטים והאחוזים שפורסמו בחדשות 14,1,הציבור החרדי,,0,0.3,,,,,
channel14-next-data-article-1706627.html,חדשות 14,2026-09-17,2026-09-17,817,False,המנדטים והאחוזים שפורסמו בחדשות 14,1,נעם לישראל,,0,0.1,,,,,
channel14-next-data-article-1706627.html,חדשות 14,2026-09-17,2026-09-17,817,False,חלוקת הגושים במקור — נפרדת מהגדרת הגושים במודל,1,גוש ימין,,64,,,,,,
channel14-next-data-article-1706627.html,חדשות 14,2026-09-17,2026-09-17,817,False,חלוקת הגושים במקור — נפרדת מהגדרת הגושים במודל,1,גוש שמאל,,44,,,,,,
channel14-next-data-article-1706627.html,חדשות 14,2026-09-17,2026-09-17,817,False,חלוקת הגושים במקור — נפרדת מהגדרת הגושים במודל,1,מפלגות ערביות,,12,,,,,,
channel14-next-data-2026-09-15.png,חדשות 14 — סקר חדש,2026-09-15,2026-09-15,483,False,המנדטים והאחוזים שפורסמו בגרפיקת חדשות 14,1,הליכוד,,30,,,,,,
channel14-next-data-2026-09-15.png,חדשות 14 — סקר חדש,2026-09-15,2026-09-15,483,False,המנדטים והאחוזים שפורסמו בגרפיקת חדשות 14,1,ישר!,,21,,,,,,
channel14-next-data-2026-09-15.png,חדשות 14 — סקר חדש,2026-09-15,2026-09-15,483,False,המנדטים והאחוזים שפורסמו בגרפיקת חדשות 14,1,ש״ס,,10,,,,,,
channel14-next-data-2026-09-15.png,חדשות 14 — סקר חדש,2026-09-15,2026-09-15,483,False,המנדטים והאחוזים שפורסמו בגרפיקת חדשות 14,1,הדמוקרטים,,9,,,,,,
channel14-next-data-2026-09-15.png,חדשות 14 — סקר חדש,2026-09-15,2026-09-15,483,False,המנדטים והאחוזים שפורסמו בגרפיקת חדשות 14,1,ביחד,,8,,,,,,
channel14-next-data-2026-09-15.png,חדשות 14 — סקר חדש,2026-09-15,2026-09-15,483,False,המנדטים והאחוזים שפורסמו בגרפיקת חדשות 14,1,הציונות הדתית–זהות,,8,,,,,,
channel14-next-data-2026-09-15.png,חדשות 14 — סקר חדש,2026-09-15,2026-09-15,483,False,המנדטים והאחוזים שפורסמו בגרפיקת חדשות 14,1,עוצמה יהודית,,8,,,,,,
channel14-next-data-2026-09-15.png,חדשות 14 — סקר חדש,2026-09-15,2026-09-15,483,False,המנדטים והאחוזים שפורסמו בגרפיקת חדשות 14,1,יהדות התורה,,8,,,,,,
channel14-next-data-2026-09-15.png,חדשות 14 — סקר חדש,2026-09-15,2026-09-15,483,False,המנדטים והאחוזים שפורסמו בגרפיקת חדשות 14,1,הרשימה המשותפת,,7,,,,,,
channel14-next-data-2026-09-15.png,חדשות 14 — סקר חדש,2026-09-15,2026-09-15,483,False,המנדטים והאחוזים שפורסמו בגרפיקת חדשות 14,1,ישראל ביתנו,,6,,,,,,
channel14-next-data-2026-09-15.png,חדשות 14 — סקר חדש,2026-09-15,2026-09-15,483,False,המנדטים והאחוזים שפורסמו בגרפיקת חדשות 14,1,רע״ם,,5,,,,,,
channel14-next-data-2026-09-15.png,חדשות 14 — סקר חדש,2026-09-15,2026-09-15,483,False,המנדטים והאחוזים שפורסמו בגרפיקת חדשות 14,1,עמך ישראל,,0,2.3,,,,,
channel14-next-data-2026-09-15.png,חדשות 14 — סקר חדש,2026-09-15,2026-09-15,483,False,המנדטים והאחוזים שפורסמו בגרפיקת חדשות 14,1,המילואימניקים והכלכלית,,0,2.1,,,,,
channel14-next-data-2026-09-15.png,חדשות 14 — סקר חדש,2026-09-15,2026-09-15,483,False,המנדטים והאחוזים שפורסמו בגרפיקת חדשות 14,1,כחול לבן,,0,0.4,,,,,
channel14-next-data-2026-09-15.png,חדשות 14 — סקר חדש,2026-09-15,2026-09-15,483,False,המנדטים והאחוזים שפורסמו בגרפיקת חדשות 14,1,נעם לישראל,,0,0.3,,,,,
channel14-next-data-2026-09-15.png,חדשות 14 — סקר חדש,2026-09-15,2026-09-15,483,False,המנדטים והאחוזים שפורסמו בגרפיקת חדשות 14,1,הציבור החרדי,,0,0.2,,,,,
channel14-next-data-2026-09-15.png,חדשות 14 — סקר חדש,2026-09-15,2026-09-15,483,False,חלוקת הגושים במקור — נפרדת מהגדרת הגושים במודל,1,גוש ימין,,64,,,,,,
channel14-next-data-2026-09-15.png,חדשות 14 — סקר חדש,2026-09-15,2026-09-15,483,False,חלוקת הגושים במקור — נפרדת מהגדרת הגושים במודל,1,גוש שמאל,,44,,,,,,
channel14-next-data-2026-09-15.png,חדשות 14 — סקר חדש,2026-09-15,2026-09-15,483,False,חלוקת הגושים במקור — נפרדת מהגדרת הגושים במודל,1,מפלגות ערביות,,12,,,,,,
kan11-kantar-2026-09-14.png,כאן 11 — סקר חדש,2026-09-14,,,False,המנדטים שפורסמו בצילום,1,ישר!,,24,,,,,,
kan11-kantar-2026-09-14.png,כאן 11 — סקר חדש,2026-09-14,,,False,המנדטים שפורסמו בצילום,1,הליכוד,,20,,,,,,
kan11-kantar-2026-09-14.png,כאן 11 — סקר חדש,2026-09-14,,,False,המנדטים שפורסמו בצילום,1,ביחד,,12,,,,,,
kan11-kantar-2026-09-14.png,כאן 11 — סקר חדש,2026-09-14,,,False,המנדטים שפורסמו בצילום,1,הדמוקרטים,,8,,,,,,
kan11-kantar-2026-09-14.png,כאן 11 — סקר חדש,2026-09-14,,,False,המנדטים שפורסמו בצילום,1,עוצמה יהודית,,8,,,,,,
kan11-kantar-2026-09-14.png,כאן 11 — סקר חדש,2026-09-14,,,False,המנדטים שפורסמו בצילום,1,ישראל ביתנו,,8,,,,,,
kan11-kantar-2026-09-14.png,כאן 11 — סקר חדש,2026-09-14,,,False,המנדטים שפורסמו בצילום,1,יהדות התורה,,7,,,,,,
kan11-kantar-2026-09-14.png,כאן 11 — סקר חדש,2026-09-14,,,False,המנדטים שפורסמו בצילום,1,ש״ס,,7,,,,,,
kan11-kantar-2026-09-14.png,כאן 11 — סקר חדש,2026-09-14,,,False,המנדטים שפורסמו בצילום,1,הרשימה המשותפת,,7,,,,,,
kan11-kantar-2026-09-14.png,כאן 11 — סקר חדש,2026-09-14,,,False,המנדטים שפורסמו בצילום,1,הציונות הדתית–זהות,,6,,,,,,
kan11-kantar-2026-09-14.png,כאן 11 — סקר חדש,2026-09-14,,,False,המנדטים שפורסמו בצילום,1,רע״ם,,5,,,,,,
kan11-kantar-2026-09-14.png,כאן 11 — סקר חדש,2026-09-14,,,False,המנדטים שפורסמו בצילום,1,עמך ישראל,,4,,,,,,
kan11-kantar-2026-09-14.png,כאן 11 — סקר חדש,2026-09-14,,,False,המנדטים שפורסמו בצילום,1,המילואימניקים והכלכלית,,4,,,,,,
kan11-kantar-2026-09-14.png,כאן 11 — סקר חדש,2026-09-14,,,False,המנדטים שפורסמו בצילום,1,כחול לבן,,0,1.5,,,,,
kan11-kantar-2026-09-14.png,כאן 11 — סקר חדש,2026-09-14,,,False,המנדטים שפורסמו בצילום,1,הציבור החרדי,,0,0.8,,,,,
kan11-kantar-2026-09-14.png,כאן 11 — סקר חדש,2026-09-14,,,False,המנדטים שפורסמו בצילום,1,ישראל תחילה,,0,0.5,,,,,
kan11-kantar-2026-09-14.png,כאן 11 — סקר חדש,2026-09-14,,,False,המנדטים שפורסמו בצילום,1,נעם לישראל,,0,0.5,,,,,
kan11-kantar-2026-09-14.png,כאן 11 — סקר חדש,2026-09-14,,,False,חלוקת הגושים במקור — נפרדת מהגדרת הגושים במודל,1,אופוזיציה,,52,,,,,,
kan11-kantar-2026-09-14.png,כאן 11 — סקר חדש,2026-09-14,,,False,חלוקת הגושים במקור — נפרדת מהגדרת הגושים במודל,1,קואליציית נתניהו,,52,,,,,,
kan11-kantar-2026-09-14.png,כאן 11 — סקר חדש,2026-09-14,,,False,חלוקת הגושים במקור — נפרדת מהגדרת הגושים במודל,1,מפלגות ערביות,,12,,,,,,
kan11-kantar-2026-09-14.png,כאן 11 — סקר חדש,2026-09-14,,,False,חלוקת הגושים במקור — נפרדת מהגדרת הגושים במודל,1,הנדל וזליכה,,4,,,,,,
n12-midgam-2026-09-14.png,חדשות 12 — סקר חדש,2026-09-14,,502,False,המנדטים והאחוזים שפורסמו בצילום,1,ישר!,,23,,,,,,
n12-midgam-2026-09-14.png,חדשות 12 — סקר חדש,2026-09-14,,502,False,המנדטים והאחוזים שפורסמו בצילום,1,הליכוד,,20,,,,,,
n12-midgam-2026-09-14.png,חדשות 12 — סקר חדש,2026-09-14,,502,False,המנדטים והאחוזים שפורסמו בצילום,1,ביחד,,13,,,,,,
n12-midgam-2026-09-14.png,חדשות 12 — סקר חדש,2026-09-14,,502,False,המנדטים והאחוזים שפורסמו בצילום,1,הדמוקרטים,,10,,,,,,
n12-midgam-2026-09-14.png,חדשות 12 — סקר חדש,2026-09-14,,502,False,המנדטים והאחוזים שפורסמו בצילום,1,הרשימה המשותפת,,8,,,,,,
n12-midgam-2026-09-14.png,חדשות 12 — סקר חדש,2026-09-14,,502,False,המנדטים והאחוזים שפורסמו בצילום,1,יהדות התורה,,8,,,,,,
n12-midgam-2026-09-14.png,חדשות 12 — סקר חדש,2026-09-14,,502,False,המנדטים והאחוזים שפורסמו בצילום,1,ישראל ביתנו,,8,,,,,,
n12-midgam-2026-09-14.png,חדשות 12 — סקר חדש,2026-09-14,,502,False,המנדטים והאחוזים שפורסמו בצילום,1,ש״ס,,7,,,,,,
n12-midgam-2026-09-14.png,חדשות 12 — סקר חדש,2026-09-14,,502,False,המנדטים והאחוזים שפורסמו בצילום,1,עוצמה יהודית,,6,,,,,,
n12-midgam-2026-09-14.png,חדשות 12 — סקר חדש,2026-09-14,,502,False,המנדטים והאחוזים שפורסמו בצילום,1,הציונות הדתית–זהות,,5,,,,,,
n12-midgam-2026-09-14.png,חדשות 12 — סקר חדש,2026-09-14,,502,False,המנדטים והאחוזים שפורסמו בצילום,1,רע״ם,,4,,,,,,
n12-midgam-2026-09-14.png,חדשות 12 — סקר חדש,2026-09-14,,502,False,המנדטים והאחוזים שפורסמו בצילום,1,עמך ישראל,,4,,,,,,
n12-midgam-2026-09-14.png,חדשות 12 — סקר חדש,2026-09-14,,502,False,המנדטים והאחוזים שפורסמו בצילום,1,המילואימניקים והכלכלית,,4,,,,,,
n12-midgam-2026-09-14.png,חדשות 12 — סקר חדש,2026-09-14,,502,False,המנדטים והאחוזים שפורסמו בצילום,1,כחול לבן,,0,0.5,,,,,
n12-midgam-2026-09-14.png,חדשות 12 — סקר חדש,2026-09-14,,502,False,המנדטים והאחוזים שפורסמו בצילום,1,ישראל תחילה,,0,0.3,,,,,
n12-midgam-2026-09-14.png,חדשות 12 — סקר חדש,2026-09-14,,502,False,המנדטים והאחוזים שפורסמו בצילום,1,הציבור החרדי,,0,0.2,,,,,
n12-midgam-2026-09-14.png,חדשות 12 — סקר חדש,2026-09-14,,502,False,המנדטים והאחוזים שפורסמו בצילום,1,נעם לישראל,,0,0.1,,,,,
n12-midgam-2026-09-14.png,חדשות 12 — סקר חדש,2026-09-14,,502,False,המנדטים והאחוזים שפורסמו בצילום,1,הקהל בראשות שלמה אלבוים,,0,0.1,,,,,
n12-midgam-2026-09-14.png,חדשות 12 — סקר חדש,2026-09-14,,502,False,חלוקת הגושים במקור — נפרדת מהגדרת הגושים במודל,1,אופוזיציה,,54,,,,,,
n12-midgam-2026-09-14.png,חדשות 12 — סקר חדש,2026-09-14,,502,False,חלוקת הגושים במקור — נפרדת מהגדרת הגושים במודל,1,קואליציה,,50,,,,,,
n12-midgam-2026-09-14.png,חדשות 12 — סקר חדש,2026-09-14,,502,False,חלוקת הגושים במקור — נפרדת מהגדרת הגושים במודל,1,מפלגות ערביות,,12,,,,,,
n12-midgam-2026-09-14.png,חדשות 12 — סקר חדש,2026-09-14,,502,False,חלוקת הגושים במקור — נפרדת מהגדרת הגושים במודל,1,המילואימניקים והכלכלית,,4,,,,,,
Survey4140.pdf,חדשות 13,2026-09-09,,1119,False,"אם הבחירות לכנסת היו מתקיימות היום, לאיזו מפלגה היית מצביע/ה?",1,כחול לבן,,0,,,1.3,0.0,0.0,0.0
Survey4140.pdf,חדשות 13,2026-09-09,,1119,False,"אם הבחירות לכנסת היו מתקיימות היום, לאיזו מפלגה היית מצביע/ה?",1,ליכוד,,19,,,10.5,10.0,3.0,2.0
Survey4140.pdf,חדשות 13,2026-09-09,,1119,False,"אם הבחירות לכנסת היו מתקיימות היום, לאיזו מפלגה היית מצביע/ה?",1,"ש""ס",,7,,,5.0,1.7,17.3,0.3
Survey4140.pdf,חדשות 13,2026-09-09,,1119,False,"אם הבחירות לכנסת היו מתקיימות היום, לאיזו מפלגה היית מצביע/ה?",1,הציונות הדתית + זהות,,6,,,5.2,6.7,5.1,0.0
Survey4140.pdf,חדשות 13,2026-09-09,,1119,False,"אם הבחירות לכנסת היו מתקיימות היום, לאיזו מפלגה היית מצביע/ה?",1,יהדות התורה,,8,,,5.8,13.3,45.1,0.0
Survey4140.pdf,חדשות 13,2026-09-09,,1119,False,"אם הבחירות לכנסת היו מתקיימות היום, לאיזו מפלגה היית מצביע/ה?",1,ישראל ביתנו,,8,,,7.0,8.3,0.0,1.6
Survey4140.pdf,חדשות 13,2026-09-09,,1119,False,"אם הבחירות לכנסת היו מתקיימות היום, לאיזו מפלגה היית מצביע/ה?",1,"רע""מ",,6,,,0.0,0.0,0.4,23.9
Survey4140.pdf,חדשות 13,2026-09-09,,1119,False,"אם הבחירות לכנסת היו מתקיימות היום, לאיזו מפלגה היית מצביע/ה?",1,הרשימה המשותפת,,8,,,0.0,1.7,0.0,32.8
Survey4140.pdf,חדשות 13,2026-09-09,,1119,False,"אם הבחירות לכנסת היו מתקיימות היום, לאיזו מפלגה היית מצביע/ה?",1,עוצמה יהודית,,9,,,4.7,10.0,5.1,0.0
Survey4140.pdf,חדשות 13,2026-09-09,,1119,False,"אם הבחירות לכנסת היו מתקיימות היום, לאיזו מפלגה היית מצביע/ה?",1,הדמוקרטים,,10,,,7.5,6.7,0.0,4.3
Survey4140.pdf,חדשות 13,2026-09-09,,1119,False,"אם הבחירות לכנסת היו מתקיימות היום, לאיזו מפלגה היית מצביע/ה?",1,ביחד,,13,,,11.5,11.7,0.0,0.7
Survey4140.pdf,חדשות 13,2026-09-09,,1119,False,"אם הבחירות לכנסת היו מתקיימות היום, לאיזו מפלגה היית מצביע/ה?",1,ישר,,21,,,15.5,11.7,0.0,2.4
Survey4140.pdf,חדשות 13,2026-09-09,,1119,False,"אם הבחירות לכנסת היו מתקיימות היום, לאיזו מפלגה היית מצביע/ה?",1,המילואימניקים והכלכלית,,0,,,3.5,0.0,0.0,0.3
Survey4140.pdf,חדשות 13,2026-09-09,,1119,False,"אם הבחירות לכנסת היו מתקיימות היום, לאיזו מפלגה היית מצביע/ה?",1,עמך ישראל,,5,,,4.0,1.7,0.8,0.4
Survey4140.pdf,חדשות 13,2026-09-09,,1119,False,"אם הבחירות לכנסת היו מתקיימות היום, לאיזו מפלגה היית מצביע/ה?",1,מפלגת הציבור החרדי,,0,,,0.8,3.3,4.6,0.0
Survey4140.pdf,חדשות 13,2026-09-09,,1119,False,"אם הבחירות לכנסת היו מתקיימות היום, לאיזו מפלגה היית מצביע/ה?",1,מפלגת הקהל,,0,,,0.0,0.0,0.4,0.0
Survey4140.pdf,חדשות 13,2026-09-09,,1119,False,"אם הבחירות לכנסת היו מתקיימות היום, לאיזו מפלגה היית מצביע/ה?",1,נעם,,0,,,0.0,0.0,0.0,0.0
Survey4140.pdf,חדשות 13,2026-09-09,,1119,False,"אם הבחירות לכנסת היו מתקיימות היום, לאיזו מפלגה היית מצביע/ה?",1,צבע שחור,,0,,,0.0,0.0,0.4,0.0
Survey4140.pdf,חדשות 13,2026-09-09,,1119,False,"אם הבחירות לכנסת היו מתקיימות היום, לאיזו מפלגה היית מצביע/ה?",1,ישראל תחילה,,0,,,0.0,0.0,0.0,0.0
Survey4140.pdf,חדשות 13,2026-09-09,,1119,False,"אם הבחירות לכנסת היו מתקיימות היום, לאיזו מפלגה היית מצביע/ה?",1,מפלגה אחרת,,,,,0.3,0.0,1.3,0.0
Survey4140.pdf,חדשות 13,2026-09-09,,1119,False,"אם הבחירות לכנסת היו מתקיימות היום, לאיזו מפלגה היית מצביע/ה?",1,עדיין לא החלטתי,,,,,12.3,11.7,9.7,15.0
Survey4140.pdf,חדשות 13,2026-09-09,,1119,False,"אם הבחירות לכנסת היו מתקיימות היום, לאיזו מפלגה היית מצביע/ה?",1,פתק לבן,,,,,0.5,0.0,1.3,0.0
Survey4140.pdf,חדשות 13,2026-09-09,,1119,False,"אם הבחירות לכנסת היו מתקיימות היום, לאיזו מפלגה היית מצביע/ה?",1,לא מתכוון להצביע,,,,,4.7,1.7,5.5,16.2
Survey4141.pdf,חדשות 12,2026-09-07,,503,False,"אתמול הצטרף חילי טרופר למפלגת ""ישר! בראשות גדי איזנקוט"" ובנוסף מפלגות ""המילואימניקים"" של יועז הנדל ו""הכלכלית החדשה"" של ירון זליכה הודיעו על התמודדות ברשימה אחת. אילו הבחירות לכנסת היו מתקיימות היום, לאיזו מפלגה היית מצביע?",2,ישר! עם איזנקוט בראשות גדי איזנקוט,,25,19.7,,,,,
Survey4141.pdf,חדשות 12,2026-09-07,,503,False,"אתמול הצטרף חילי טרופר למפלגת ""ישר! בראשות גדי איזנקוט"" ובנוסף מפלגות ""המילואימניקים"" של יועז הנדל ו""הכלכלית החדשה"" של ירון זליכה הודיעו על התמודדות ברשימה אחת. אילו הבחירות לכנסת היו מתקיימות היום, לאיזו מפלגה היית מצביע?",2,הליכוד בראשות בנימין נתניהו,,21,16.6,,,,,
Survey4141.pdf,חדשות 12,2026-09-07,,503,False,"אתמול הצטרף חילי טרופר למפלגת ""ישר! בראשות גדי איזנקוט"" ובנוסף מפלגות ""המילואימניקים"" של יועז הנדל ו""הכלכלית החדשה"" של ירון זליכה הודיעו על התמודדות ברשימה אחת. אילו הבחירות לכנסת היו מתקיימות היום, לאיזו מפלגה היית מצביע?",2,ביחד בראשות נפתלי בנט,,13,10.3,,,,,
Survey4141.pdf,חדשות 12,2026-09-07,,503,False,"אתמול הצטרף חילי טרופר למפלגת ""ישר! בראשות גדי איזנקוט"" ובנוסף מפלגות ""המילואימניקים"" של יועז הנדל ו""הכלכלית החדשה"" של ירון זליכה הודיעו על התמודדות ברשימה אחת. אילו הבחירות לכנסת היו מתקיימות היום, לאיזו מפלגה היית מצביע?",2,הדמוקרטים בראשות יאיר גולן,,11,8.7,,,,,
Survey4141.pdf,חדשות 12,2026-09-07,,503,False,"אתמול הצטרף חילי טרופר למפלגת ""ישר! בראשות גדי איזנקוט"" ובנוסף מפלגות ""המילואימניקים"" של יועז הנדל ו""הכלכלית החדשה"" של ירון זליכה הודיעו על התמודדות ברשימה אחת. אילו הבחירות לכנסת היו מתקיימות היום, לאיזו מפלגה היית מצביע?",2,יהדות התורה בראשות יעקב אשר,,8,6.1,,,,,
Survey4141.pdf,חדשות 12,2026-09-07,,503,False,"אתמול הצטרף חילי טרופר למפלגת ""ישר! בראשות גדי איזנקוט"" ובנוסף מפלגות ""המילואימניקים"" של יועז הנדל ו""הכלכלית החדשה"" של ירון זליכה הודיעו על התמודדות ברשימה אחת. אילו הבחירות לכנסת היו מתקיימות היום, לאיזו מפלגה היית מצביע?",2,ישראל ביתנו בראשות אביגדור ליברמן,,8,6.0,,,,,
Survey4141.pdf,חדשות 12,2026-09-07,,503,False,"אתמול הצטרף חילי טרופר למפלגת ""ישר! בראשות גדי איזנקוט"" ובנוסף מפלגות ""המילואימניקים"" של יועז הנדל ו""הכלכלית החדשה"" של ירון זליכה הודיעו על התמודדות ברשימה אחת. אילו הבחירות לכנסת היו מתקיימות היום, לאיזו מפלגה היית מצביע?",2,"הרשימה המשותפת (חד""ש, תע""ל, בל""ד) בראשות יוסף ג`בארין",,7,5.4,,,,,
Survey4141.pdf,חדשות 12,2026-09-07,,503,False,"אתמול הצטרף חילי טרופר למפלגת ""ישר! בראשות גדי איזנקוט"" ובנוסף מפלגות ""המילואימניקים"" של יועז הנדל ו""הכלכלית החדשה"" של ירון זליכה הודיעו על התמודדות ברשימה אחת. אילו הבחירות לכנסת היו מתקיימות היום, לאיזו מפלגה היית מצביע?",2,"ש""ס בראשות אריה דרעי",,7,5.3,,,,,
Survey4141.pdf,חדשות 12,2026-09-07,,503,False,"אתמול הצטרף חילי טרופר למפלגת ""ישר! בראשות גדי איזנקוט"" ובנוסף מפלגות ""המילואימניקים"" של יועז הנדל ו""הכלכלית החדשה"" של ירון זליכה הודיעו על התמודדות ברשימה אחת. אילו הבחירות לכנסת היו מתקיימות היום, לאיזו מפלגה היית מצביע?",2,הציונות הדתית – זהות בראשות בצלאל סמוטריץ` ומשה פייגלין,,6,4.7,,,,,
Survey4141.pdf,חדשות 12,2026-09-07,,503,False,"אתמול הצטרף חילי טרופר למפלגת ""ישר! בראשות גדי איזנקוט"" ובנוסף מפלגות ""המילואימניקים"" של יועז הנדל ו""הכלכלית החדשה"" של ירון זליכה הודיעו על התמודדות ברשימה אחת. אילו הבחירות לכנסת היו מתקיימות היום, לאיזו מפלגה היית מצביע?",2,עוצמה יהודית בראשות איתמר בן גביר,,6,4.7,,,,,
Survey4141.pdf,חדשות 12,2026-09-07,,503,False,"אתמול הצטרף חילי טרופר למפלגת ""ישר! בראשות גדי איזנקוט"" ובנוסף מפלגות ""המילואימניקים"" של יועז הנדל ו""הכלכלית החדשה"" של ירון זליכה הודיעו על התמודדות ברשימה אחת. אילו הבחירות לכנסת היו מתקיימות היום, לאיזו מפלגה היית מצביע?",2,עמך ישראל בראשות עופר וינטר,,4,3.4,,,,,
Survey4141.pdf,חדשות 12,2026-09-07,,503,False,"אתמול הצטרף חילי טרופר למפלגת ""ישר! בראשות גדי איזנקוט"" ובנוסף מפלגות ""המילואימניקים"" של יועז הנדל ו""הכלכלית החדשה"" של ירון זליכה הודיעו על התמודדות ברשימה אחת. אילו הבחירות לכנסת היו מתקיימות היום, לאיזו מפלגה היית מצביע?",2,"הרשימה הערבית המאוחדת - רע""ם בראשות מנסור עבאס ויואב סגלוביץ`",,4,3.3,,,,,
Survey4141.pdf,חדשות 12,2026-09-07,,503,False,"אתמול הצטרף חילי טרופר למפלגת ""ישר! בראשות גדי איזנקוט"" ובנוסף מפלגות ""המילואימניקים"" של יועז הנדל ו""הכלכלית החדשה"" של ירון זליכה הודיעו על התמודדות ברשימה אחת. אילו הבחירות לכנסת היו מתקיימות היום, לאיזו מפלגה היית מצביע?",2,המילואימניקים - הכלכלית החדשה בראשות יועז הנדל וירון זליכה,,0,2.7,,,,,
Survey4141.pdf,חדשות 12,2026-09-07,,503,False,"אתמול הצטרף חילי טרופר למפלגת ""ישר! בראשות גדי איזנקוט"" ובנוסף מפלגות ""המילואימניקים"" של יועז הנדל ו""הכלכלית החדשה"" של ירון זליכה הודיעו על התמודדות ברשימה אחת. אילו הבחירות לכנסת היו מתקיימות היום, לאיזו מפלגה היית מצביע?",2,הציבור החרדי בראשות מוטי לייטנר,,0,1.1,,,,,
Survey4141.pdf,חדשות 12,2026-09-07,,503,False,"אתמול הצטרף חילי טרופר למפלגת ""ישר! בראשות גדי איזנקוט"" ובנוסף מפלגות ""המילואימניקים"" של יועז הנדל ו""הכלכלית החדשה"" של ירון זליכה הודיעו על התמודדות ברשימה אחת. אילו הבחירות לכנסת היו מתקיימות היום, לאיזו מפלגה היית מצביע?",2,כחול לבן בראשות בני גנץ,,0,1.0,,,,,
Survey4141.pdf,חדשות 12,2026-09-07,,503,False,"אתמול הצטרף חילי טרופר למפלגת ""ישר! בראשות גדי איזנקוט"" ובנוסף מפלגות ""המילואימניקים"" של יועז הנדל ו""הכלכלית החדשה"" של ירון זליכה הודיעו על התמודדות ברשימה אחת. אילו הבחירות לכנסת היו מתקיימות היום, לאיזו מפלגה היית מצביע?",2,נעם לישראל בראשות אבי מעוז,,0,0.2,,,,,
Survey4141.pdf,חדשות 12,2026-09-07,,503,False,"אתמול הצטרף חילי טרופר למפלגת ""ישר! בראשות גדי איזנקוט"" ובנוסף מפלגות ""המילואימניקים"" של יועז הנדל ו""הכלכלית החדשה"" של ירון זליכה הודיעו על התמודדות ברשימה אחת. אילו הבחירות לכנסת היו מתקיימות היום, לאיזו מפלגה היית מצביע?",2,מקום לכולנו בראשות רולא דאוד ואלון לי-גרין,,0,0.1,,,,,
Survey4141.pdf,חדשות 12,2026-09-07,,503,False,"אתמול הצטרף חילי טרופר למפלגת ""ישר! בראשות גדי איזנקוט"" ובנוסף מפלגות ""המילואימניקים"" של יועז הנדל ו""הכלכלית החדשה"" של ירון זליכה הודיעו על התמודדות ברשימה אחת. אילו הבחירות לכנסת היו מתקיימות היום, לאיזו מפלגה היית מצביע?",2,ישראל תחילה – עלה ירוק בראשות שרן השכל,,0,0.0,,,,,
Survey4141.pdf,חדשות 12,2026-09-07,,503,False,"אתמול הצטרף חילי טרופר למפלגת ""ישר! בראשות גדי איזנקוט"" ובנוסף מפלגות ""המילואימניקים"" של יועז הנדל ו""הכלכלית החדשה"" של ירון זליכה הודיעו על התמודדות ברשימה אחת. אילו הבחירות לכנסת היו מתקיימות היום, לאיזו מפלגה היית מצביע?",2,מפלגות אחרות,,0,0.7,,,,,
Survey4141.pdf,חדשות 12,2026-09-07,,503,False,"אילו הבחירות היו היום והציונות הדתית – זהות ועמך ישראל היו מתמודדות ברשימה אחת ויתר המפלגות ללא שינוי, לאיזו מפלגה היית מצביע?",3,ישר! עם איזנקוט בראשות גדי איזנקוט,,25,19.8,,,,,
Survey4141.pdf,חדשות 12,2026-09-07,,503,False,"אילו הבחירות היו היום והציונות הדתית – זהות ועמך ישראל היו מתמודדות ברשימה אחת ויתר המפלגות ללא שינוי, לאיזו מפלגה היית מצביע?",3,הליכוד בראשות בנימין נתניהו,,21,16.7,,,,,
Survey4141.pdf,חדשות 12,2026-09-07,,503,False,"אילו הבחירות היו היום והציונות הדתית – זהות ועמך ישראל היו מתמודדות ברשימה אחת ויתר המפלגות ללא שינוי, לאיזו מפלגה היית מצביע?",3,ביחד בראשות נפתלי בנט,,13,10.3,,,,,
Survey4141.pdf,חדשות 12,2026-09-07,,503,False,"אילו הבחירות היו היום והציונות הדתית – זהות ועמך ישראל היו מתמודדות ברשימה אחת ויתר המפלגות ללא שינוי, לאיזו מפלגה היית מצביע?",3,הדמוקרטים בראשות יאיר גולן,,11,8.7,,,,,
Survey4141.pdf,חדשות 12,2026-09-07,,503,False,"אילו הבחירות היו היום והציונות הדתית – זהות ועמך ישראל היו מתמודדות ברשימה אחת ויתר המפלגות ללא שינוי, לאיזו מפלגה היית מצביע?",3,הציונות הדתית-זהות בראשות בצלאל סמוטריץ` ומשה פייגלין ועמך ישראל בראשות עופר וינטר,,10,7.9,,,,,
Survey4141.pdf,חדשות 12,2026-09-07,,503,False,"אילו הבחירות היו היום והציונות הדתית – זהות ועמך ישראל היו מתמודדות ברשימה אחת ויתר המפלגות ללא שינוי, לאיזו מפלגה היית מצביע?",3,ישראל ביתנו בראשות אביגדור ליברמן,,8,6.3,,,,,
Survey4141.pdf,חדשות 12,2026-09-07,,503,False,"אילו הבחירות היו היום והציונות הדתית – זהות ועמך ישראל היו מתמודדות ברשימה אחת ויתר המפלגות ללא שינוי, לאיזו מפלגה היית מצביע?",3,יהדות התורה בראשות יעקב אשר,,8,6.2,,,,,
Survey4141.pdf,חדשות 12,2026-09-07,,503,False,"אילו הבחירות היו היום והציונות הדתית – זהות ועמך ישראל היו מתמודדות ברשימה אחת ויתר המפלגות ללא שינוי, לאיזו מפלגה היית מצביע?",3,"הרשימה המשותפת (חד""ש, תע""ל, בל""ד) בראשות יוסף ג`בארין",,7,5.5,,,,,
Survey4141.pdf,חדשות 12,2026-09-07,,503,False,"אילו הבחירות היו היום והציונות הדתית – זהות ועמך ישראל היו מתמודדות ברשימה אחת ויתר המפלגות ללא שינוי, לאיזו מפלגה היית מצביע?",3,"ש""ס בראשות אריה דרעי",,7,5.4,,,,,
Survey4141.pdf,חדשות 12,2026-09-07,,503,False,"אילו הבחירות היו היום והציונות הדתית – זהות ועמך ישראל היו מתמודדות ברשימה אחת ויתר המפלגות ללא שינוי, לאיזו מפלגה היית מצביע?",3,עוצמה יהודית בראשות איתמר בן גביר,,6,4.8,,,,,
Survey4141.pdf,חדשות 12,2026-09-07,,503,False,"אילו הבחירות היו היום והציונות הדתית – זהות ועמך ישראל היו מתמודדות ברשימה אחת ויתר המפלגות ללא שינוי, לאיזו מפלגה היית מצביע?",3,"הרשימה הערבית המאוחדת - רע""ם בראשות מנסור עבאס ויואב סגלוביץ`",,4,3.3,,,,,
Survey4141.pdf,חדשות 12,2026-09-07,,503,False,"אילו הבחירות היו היום והציונות הדתית – זהות ועמך ישראל היו מתמודדות ברשימה אחת ויתר המפלגות ללא שינוי, לאיזו מפלגה היית מצביע?",3,המילואימניקים - הכלכלית החדשה בראשות יועז הנדל וירון זליכה,,0,2.3,,,,,
Survey4141.pdf,חדשות 12,2026-09-07,,503,False,"אילו הבחירות היו היום והציונות הדתית – זהות ועמך ישראל היו מתמודדות ברשימה אחת ויתר המפלגות ללא שינוי, לאיזו מפלגה היית מצביע?",3,הציבור החרדי בראשות מוטי לייטנר,,0,1.0,,,,,
Survey4141.pdf,חדשות 12,2026-09-07,,503,False,"אילו הבחירות היו היום והציונות הדתית – זהות ועמך ישראל היו מתמודדות ברשימה אחת ויתר המפלגות ללא שינוי, לאיזו מפלגה היית מצביע?",3,כחול לבן בראשות בני גנץ,,0,0.5,,,,,
Survey4141.pdf,חדשות 12,2026-09-07,,503,False,"אילו הבחירות היו היום והציונות הדתית – זהות ועמך ישראל היו מתמודדות ברשימה אחת ויתר המפלגות ללא שינוי, לאיזו מפלגה היית מצביע?",3,מקום לכולנו בראשות רולא דאוד ואלון לי-גרין,,0,0.4,,,,,
Survey4141.pdf,חדשות 12,2026-09-07,,503,False,"אילו הבחירות היו היום והציונות הדתית – זהות ועמך ישראל היו מתמודדות ברשימה אחת ויתר המפלגות ללא שינוי, לאיזו מפלגה היית מצביע?",3,נעם לישראל בראשות אבי מעוז,,0,0.2,,,,,
Survey4141.pdf,חדשות 12,2026-09-07,,503,False,"אילו הבחירות היו היום והציונות הדתית – זהות ועמך ישראל היו מתמודדות ברשימה אחת ויתר המפלגות ללא שינוי, לאיזו מפלגה היית מצביע?",3,ישראל תחילה – עלה ירוק בראשות שרן השכל,,0,0.1,,,,,
Survey4141.pdf,חדשות 12,2026-09-07,,503,False,"אילו הבחירות היו היום והציונות הדתית – זהות ועמך ישראל היו מתמודדות ברשימה אחת ויתר המפלגות ללא שינוי, לאיזו מפלגה היית מצביע?",3,מפלגות אחרות,,0,0.6,,,,,
Survey4141.pdf,חדשות 12,2026-09-07,,503,False,"אילו הבחירות היו היום וכחול לבן והמילואימניקים-הכלכלית החדשה היו מתמודדות ברשימה אחת ויתר המפלגות ללא שינוי, לאיזו מפלגה היית מצביע?",4,ישר! עם איזנקוט בראשות גדי איזנקוט,,25,19.7,,,,,
Survey4141.pdf,חדשות 12,2026-09-07,,503,False,"אילו הבחירות היו היום וכחול לבן והמילואימניקים-הכלכלית החדשה היו מתמודדות ברשימה אחת ויתר המפלגות ללא שינוי, לאיזו מפלגה היית מצביע?",4,הליכוד בראשות בנימין נתניהו,,21,16.6,,,,,
Survey4141.pdf,חדשות 12,2026-09-07,,503,False,"אילו הבחירות היו היום וכחול לבן והמילואימניקים-הכלכלית החדשה היו מתמודדות ברשימה אחת ויתר המפלגות ללא שינוי, לאיזו מפלגה היית מצביע?",4,ביחד בראשות נפתלי בנט,,13,10.3,,,,,
Survey4141.pdf,חדשות 12,2026-09-07,,503,False,"אילו הבחירות היו היום וכחול לבן והמילואימניקים-הכלכלית החדשה היו מתמודדות ברשימה אחת ויתר המפלגות ללא שינוי, לאיזו מפלגה היית מצביע?",4,הדמוקרטים בראשות יאיר גולן,,11,8.6,,,,,
Survey4141.pdf,חדשות 12,2026-09-07,,503,False,"אילו הבחירות היו היום וכחול לבן והמילואימניקים-הכלכלית החדשה היו מתמודדות ברשימה אחת ויתר המפלגות ללא שינוי, לאיזו מפלגה היית מצביע?",4,יהדות התורה בראשות יעקב אשר,,8,6.4,,,,,
Survey4141.pdf,חדשות 12,2026-09-07,,503,False,"אילו הבחירות היו היום וכחול לבן והמילואימניקים-הכלכלית החדשה היו מתמודדות ברשימה אחת ויתר המפלגות ללא שינוי, לאיזו מפלגה היית מצביע?",4,ישראל ביתנו בראשות אביגדור ליברמן,,8,6.2,,,,,
Survey4141.pdf,חדשות 12,2026-09-07,,503,False,"אילו הבחירות היו היום וכחול לבן והמילואימניקים-הכלכלית החדשה היו מתמודדות ברשימה אחת ויתר המפלגות ללא שינוי, לאיזו מפלגה היית מצביע?",4,"ש""ס בראשות אריה דרעי",,7,5.6,,,,,
Survey4141.pdf,חדשות 12,2026-09-07,,503,False,"אילו הבחירות היו היום וכחול לבן והמילואימניקים-הכלכלית החדשה היו מתמודדות ברשימה אחת ויתר המפלגות ללא שינוי, לאיזו מפלגה היית מצביע?",4,"הרשימה המשותפת (חד""ש, תע""ל, בל""ד) בראשות יוסף ג`בארין",,7,5.5,,,,,
Survey4141.pdf,חדשות 12,2026-09-07,,503,False,"אילו הבחירות היו היום וכחול לבן והמילואימניקים-הכלכלית החדשה היו מתמודדות ברשימה אחת ויתר המפלגות ללא שינוי, לאיזו מפלגה היית מצביע?",4,הציונות הדתית – זהות בראשות בצלאל סמוטריץ` ומשה פייגלין,,6,4.8,,,,,
Survey4141.pdf,חדשות 12,2026-09-07,,503,False,"אילו הבחירות היו היום וכחול לבן והמילואימניקים-הכלכלית החדשה היו מתמודדות ברשימה אחת ויתר המפלגות ללא שינוי, לאיזו מפלגה היית מצביע?",4,עוצמה יהודית בראשות איתמר בן גביר,,6,4.8,,,,,
Survey4141.pdf,חדשות 12,2026-09-07,,503,False,"אילו הבחירות היו היום וכחול לבן והמילואימניקים-הכלכלית החדשה היו מתמודדות ברשימה אחת ויתר המפלגות ללא שינוי, לאיזו מפלגה היית מצביע?",4,עמך ישראל בראשות עופר וינטר,,4,3.4,,,,,
Survey4141.pdf,חדשות 12,2026-09-07,,503,False,"אילו הבחירות היו היום וכחול לבן והמילואימניקים-הכלכלית החדשה היו מתמודדות ברשימה אחת ויתר המפלגות ללא שינוי, לאיזו מפלגה היית מצביע?",4,"הרשימה הערבית המאוחדת - רע""ם בראשות מנסור עבאס ויואב סגלוביץ`",,4,3.3,,,,,
Survey4141.pdf,חדשות 12,2026-09-07,,503,False,"אילו הבחירות היו היום וכחול לבן והמילואימניקים-הכלכלית החדשה היו מתמודדות ברשימה אחת ויתר המפלגות ללא שינוי, לאיזו מפלגה היית מצביע?",4,כחול לבן בראשות בני גנץ והמילואימניקים - הכלכלית החדשה בראשות יועז הנדל וירון זליכה,,0,2.5,,,,,
Survey4141.pdf,חדשות 12,2026-09-07,,503,False,"אילו הבחירות היו היום וכחול לבן והמילואימניקים-הכלכלית החדשה היו מתמודדות ברשימה אחת ויתר המפלגות ללא שינוי, לאיזו מפלגה היית מצביע?",4,הציבור החרדי בראשות מוטי לייטנר,,0,1.0,,,,,
Survey4141.pdf,חדשות 12,2026-09-07,,503,False,"אילו הבחירות היו היום וכחול לבן והמילואימניקים-הכלכלית החדשה היו מתמודדות ברשימה אחת ויתר המפלגות ללא שינוי, לאיזו מפלגה היית מצביע?",4,נעם לישראל בראשות אבי מעוז,,0,0.2,,,,,
Survey4141.pdf,חדשות 12,2026-09-07,,503,False,"אילו הבחירות היו היום וכחול לבן והמילואימניקים-הכלכלית החדשה היו מתמודדות ברשימה אחת ויתר המפלגות ללא שינוי, לאיזו מפלגה היית מצביע?",4,מקום לכולנו בראשות רולא דאוד ואלון לי-גרין,,0,0.1,,,,,
Survey4141.pdf,חדשות 12,2026-09-07,,503,False,"אילו הבחירות היו היום וכחול לבן והמילואימניקים-הכלכלית החדשה היו מתמודדות ברשימה אחת ויתר המפלגות ללא שינוי, לאיזו מפלגה היית מצביע?",4,ישראל תחילה – עלה ירוק בראשות שרן השכל,,0,0.0,,,,,
Survey4141.pdf,חדשות 12,2026-09-07,,503,False,"אילו הבחירות היו היום וכחול לבן והמילואימניקים-הכלכלית החדשה היו מתמודדות ברשימה אחת ויתר המפלגות ללא שינוי, לאיזו מפלגה היית מצביע?",4,מפלגות אחרות,,0,1.0,,,,,
Survey_4142.pdf,ערוץ עכשיו 14,2026-09-07,,1057,False,כוונת הצבעה — תרחיש בסיס,2,הליכוד בראשות בנימין נתניהו,,30,23.2,,,,,
Survey_4142.pdf,ערוץ עכשיו 14,2026-09-07,,1057,False,כוונת הצבעה — תרחיש בסיס,2,ישר בראשות גדי איזנקוט,,22,17.0,,,,,
Survey_4142.pdf,ערוץ עכשיו 14,2026-09-07,,1057,False,כוונת הצבעה — תרחיש בסיס,2,הדמוקרטים בראשות יאיר גולן,,10,8.5,,,,,
Survey_4142.pdf,ערוץ עכשיו 14,2026-09-07,,1057,False,כוונת הצבעה — תרחיש בסיס,2,"ש""ס בראשות אריה דרעי",,10,7.9,,,,,
Survey_4142.pdf,ערוץ עכשיו 14,2026-09-07,,1057,False,כוונת הצבעה — תרחיש בסיס,2,הציונות הדתית וזהות בראשות בצלאל סמוטריץ',,8,7.0,,,,,
Survey_4142.pdf,ערוץ עכשיו 14,2026-09-07,,1057,False,כוונת הצבעה — תרחיש בסיס,2,"חד""ש-תע""ל-בל""ד בראשות יוסף ג'בארין",,8,6.4,,,,,
Survey_4142.pdf,ערוץ עכשיו 14,2026-09-07,,1057,False,כוונת הצבעה — תרחיש בסיס,2,עוצמה יהודית בראשות איתמר בן גביר,,8,6.2,,,,,
Survey_4142.pdf,ערוץ עכשיו 14,2026-09-07,,1057,False,כוונת הצבעה — תרחיש בסיס,2,יהדות התורה,,7,5.7,,,,,
Survey_4142.pdf,ערוץ עכשיו 14,2026-09-07,,1057,False,כוונת הצבעה — תרחיש בסיס,2,יחד בראשות נפתלי בנט,,6,5.2,,,,,
Survey_4142.pdf,ערוץ עכשיו 14,2026-09-07,,1057,False,כוונת הצבעה — תרחיש בסיס,2,ישראל ביתנו בראשות אביגדור ליברמן,,6,5.0,,,,,
Survey_4142.pdf,ערוץ עכשיו 14,2026-09-07,,1057,False,כוונת הצבעה — תרחיש בסיס,2,"רע""מ בראשות מנסור עבאס",,5,3.9,,,,,
Survey_4142.pdf,ערוץ עכשיו 14,2026-09-07,,1057,False,כוונת הצבעה — תרחיש בסיס,2,עמך ישראל בראשות עופר וינטר,,0,3.0,,,,,
Survey_4142.pdf,ערוץ עכשיו 14,2026-09-07,,1057,False,כוונת הצבעה — תרחיש בסיס,2,כחול לבן בראשות בני גנץ,,0,0.4,,,,,
Survey_4142.pdf,ערוץ עכשיו 14,2026-09-07,,1057,False,כוונת הצבעה — תרחיש בסיס,2,הציבור החרדי בראשות מוטי לייטנר,,0,0.3,,,,,
Survey_4142.pdf,ערוץ עכשיו 14,2026-09-07,,1057,False,כוונת הצבעה — תרחיש בסיס,2,נועם לישראל בראשות אבי מעוז,,0,0.2,,,,,
Survey_4143.pdf,ערוץ עכשיו 14,2026-09-09,,537,False,כוונת הצבעה — נתוני הדוח,2,הליכוד בראשות בנימין נתניהו,,31,24,,,,,
Survey_4143.pdf,ערוץ עכשיו 14,2026-09-09,,537,False,כוונת הצבעה — נתוני הדוח,2,ישר בראשות גדי איזנקוט,,22,17,,,,,
Survey_4143.pdf,ערוץ עכשיו 14,2026-09-09,,537,False,כוונת הצבעה — נתוני הדוח,2,"ש""ס בראשות אריה דרעי",,10,8,,,,,
Survey_4143.pdf,ערוץ עכשיו 14,2026-09-09,,537,False,כוונת הצבעה — נתוני הדוח,2,הציונות הדתית בראשות בצלאל סמוטריץ' וזהות,,8,6,,,,,
Survey_4143.pdf,ערוץ עכשיו 14,2026-09-09,,537,False,כוונת הצבעה — נתוני הדוח,2,הדמוקרטים בראשות יאיר גולן,,8,6,,,,,
Survey_4143.pdf,ערוץ עכשיו 14,2026-09-09,,537,False,כוונת הצבעה — נתוני הדוח,2,עוצמה יהודית בראשות איתמר בן גביר,,8,6,,,,,
Survey_4143.pdf,ערוץ עכשיו 14,2026-09-09,,537,False,כוונת הצבעה — נתוני הדוח,2,יהדות התורה,,7,5,,,,,
Survey_4143.pdf,ערוץ עכשיו 14,2026-09-09,,537,False,כוונת הצבעה — נתוני הדוח,2,יחד בראשות נפתלי בנט,,7,5,,,,,
Survey_4143.pdf,ערוץ עכשיו 14,2026-09-09,,537,False,כוונת הצבעה — נתוני הדוח,2,ישראל ביתנו בראשות אביגדור ליברמן,,7,5,,,,,
Survey_4143.pdf,ערוץ עכשיו 14,2026-09-09,,537,False,כוונת הצבעה — נתוני הדוח,2,"רע""מ בראשות מנסור עבאס",,6,5,,,,,
Survey_4143.pdf,ערוץ עכשיו 14,2026-09-09,,537,False,כוונת הצבעה — נתוני הדוח,2,"חד""ש-תע""ל-בל""ד",,6,5,,,,,
Survey_4143.pdf,ערוץ עכשיו 14,2026-09-09,,537,False,כוונת הצבעה — נתוני הדוח,2,עמך ישראל בראשות עופר וינטר,,0,2.1,,,,,
Survey_4143.pdf,ערוץ עכשיו 14,2026-09-09,,537,False,כוונת הצבעה — נתוני הדוח,2,המילואימניקים והכלכלית בראשות הנדל וזליכה,,0,1.6,,,,,
Survey_4143.pdf,ערוץ עכשיו 14,2026-09-09,,537,False,כוונת הצבעה — נתוני הדוח,2,כחול לבן בראשות בני גנץ,,0,0.2,,,,,
Survey_4143.pdf,ערוץ עכשיו 14,2026-09-09,,537,False,כוונת הצבעה — נתוני הדוח,2,הציבור החרדי,,0,0.1,,,,,
Survey_4143.pdf,ערוץ עכשיו 14,2026-09-09,,537,False,כוונת הצבעה — נתוני הדוח,2,לא החליטו — מדווח בנפרד,,,3,,,,,
Survey_4144.pdf,מעריב,2026-09-10,,601,False,כוונת הצבעה — נתוני הדוח,1,ישר! עם איזנקוט בראשות גדי איזנקוט,,25,18.8,,,,,
Survey_4144.pdf,מעריב,2026-09-10,,601,False,כוונת הצבעה — נתוני הדוח,1,הליכוד בראשות בנימין נתניהו,,19,13.9,,,,,
Survey_4144.pdf,מעריב,2026-09-10,,601,False,כוונת הצבעה — נתוני הדוח,1,ביחד - בראשות נפתלי בנט,,14,11.7,,,,,
Survey_4144.pdf,מעריב,2026-09-10,,601,False,כוונת הצבעה — נתוני הדוח,1,הדמוקרטים בראשות יאיר גולן,,10,9.4,,,,,
Survey_4144.pdf,מעריב,2026-09-10,,601,False,כוונת הצבעה — נתוני הדוח,1,ישראל ביתנו בראשות אביגדור ליברמן,,9,7,,,,,
Survey_4144.pdf,מעריב,2026-09-10,,601,False,כוונת הצבעה — נתוני הדוח,1,עוצמה יהודית בראשות איתמר בן גביר,,8,6.2,,,,,
Survey_4144.pdf,מעריב,2026-09-10,,601,False,כוונת הצבעה — נתוני הדוח,1,יהדות התורה בראשות יעקב אשר,,7,5,,,,,
Survey_4144.pdf,מעריב,2026-09-10,,601,False,כוונת הצבעה — נתוני הדוח,1,שס בראשות אריה דרעי,,7,5.2,,,,,
Survey_4144.pdf,מעריב,2026-09-10,,601,False,כוונת הצבעה — נתוני הדוח,1,רשימה ערבית משותפת של חדש תעל ובלד בראשות יוסף גאברין,,7,5.4,,,,,
Survey_4144.pdf,מעריב,2026-09-10,,601,False,כוונת הצבעה — נתוני הדוח,1,רעמ בראשות דר מנסור עבאס,,5,4.5,,,,,
Survey_4144.pdf,מעריב,2026-09-10,,601,False,כוונת הצבעה — נתוני הדוח,1,הציונות הדתית בראשות בצלאל סמוטריץ וזהות בראשות משה פייגלין,,5,4.3,,,,,
Survey_4144.pdf,מעריב,2026-09-10,,601,False,כוונת הצבעה — נתוני הדוח,1,מפלגת עמך ישראל בראשות עופר וינטר,,4,3.4,,,,,
Survey_4144.pdf,מעריב,2026-09-10,,601,False,כוונת הצבעה — נתוני הדוח,1,המילואימניקים והכלכלית בראשות הנדל וזליכה,,0,3,,,,,
Survey_4144.pdf,מעריב,2026-09-10,,601,False,כוונת הצבעה — נתוני הדוח,1,כחול לבן בראשות בני גנץ,,0,1.1,,,,,
Survey_4144.pdf,מעריב,2026-09-10,,601,False,כוונת הצבעה — נתוני הדוח,1,נעם לישראל,,0,0.7,,,,,
Survey_4144.pdf,מעריב,2026-09-10,,601,False,כוונת הצבעה — נתוני הדוח,1,הציבור החרדי בראשות מוטי לייטנר,,0,0.4,,,,,
Survey_4145.pdf,חדשות 12,2026-09-09,,504,False,כוונת הצבעה — נתוני הדוח,2,ישר! עם איזנקוט בראשות גדי איזנקוט,,25,19.4,,,,,
Survey_4145.pdf,חדשות 12,2026-09-09,,504,False,כוונת הצבעה — נתוני הדוח,2,הליכוד בראשות בנימין נתניהו,,21,16.3,,,,,
Survey_4145.pdf,חדשות 12,2026-09-09,,504,False,כוונת הצבעה — נתוני הדוח,2,ביחד בראשות נפתלי בנט,,13,9.2,,,,,
Survey_4145.pdf,חדשות 12,2026-09-09,,504,False,כוונת הצבעה — נתוני הדוח,2,הדמוקרטים בראשות יאיר גולן,,10,8.5,,,,,
Survey_4145.pdf,חדשות 12,2026-09-09,,504,False,כוונת הצבעה — נתוני הדוח,2,ישראל ביתנו בראשות אביגדור ליברמן,,9,7,,,,,
Survey_4145.pdf,חדשות 12,2026-09-09,,504,False,כוונת הצבעה — נתוני הדוח,2,יהדות התורה בראשות יעקב אשר,,8,6.3,,,,,
Survey_4145.pdf,חדשות 12,2026-09-09,,504,False,כוונת הצבעה — נתוני הדוח,2,"ש""ס בראשות אריה דרעי",,7,5.4,,,,,
Survey_4145.pdf,חדשות 12,2026-09-09,,504,False,כוונת הצבעה — נתוני הדוח,2,"הרשימה המשותפת (חד""ש, תע""ל, בל""ד) בראשות יוסף ג'בארין",,7,5.3,,,,,
Survey_4145.pdf,חדשות 12,2026-09-09,,504,False,כוונת הצבעה — נתוני הדוח,2,עוצמה יהודית בראשות איתמר בן גביר,,6,4.6,,,,,
Survey_4145.pdf,חדשות 12,2026-09-09,,504,False,כוונת הצבעה — נתוני הדוח,2,הציונות הדתית - זהות בראשות בצלאל סמוטריץ' ומשה פייגלין,,5,4.4,,,,,
Survey_4145.pdf,חדשות 12,2026-09-09,,504,False,כוונת הצבעה — נתוני הדוח,2,עמך ישראל בראשות עופר וינטר,,5,3.9,,,,,
Survey_4145.pdf,חדשות 12,2026-09-09,,504,False,כוונת הצבעה — נתוני הדוח,2,"הרשימה הערבית המאוחדת - רע""ם בראשות מנסור עבאס ויואב סגלוביץ'",,4,3.3,,,,,
Survey_4145.pdf,חדשות 12,2026-09-09,,504,False,כוונת הצבעה — נתוני הדוח,2,המילואימניקים והכלכלית בראשות יועד הנדל וירון זליכה,,0,2.9,,,,,
Survey_4145.pdf,חדשות 12,2026-09-09,,504,False,כוונת הצבעה — נתוני הדוח,2,כחול לבן בראשות בני גנץ,,0,1.4,,,,,
Survey_4145.pdf,חדשות 12,2026-09-09,,504,False,כוונת הצבעה — נתוני הדוח,2,הציבור החרדי בראשות מוטי לייטנר,,0,1,,,,,
Survey_4145.pdf,חדשות 12,2026-09-09,,504,False,כוונת הצבעה — נתוני הדוח,2,ישראל תחילה - עלה ירוק בראשות שרן השכל,,0,0.3,,,,,
Survey_4145.pdf,חדשות 12,2026-09-09,,504,False,כוונת הצבעה — נתוני הדוח,2,נעם לישראל בראשות אבי מעוז,,0,0.2,,,,,
Survey_4145.pdf,חדשות 12,2026-09-09,,504,False,כוונת הצבעה — נתוני הדוח,2,הקהל בראשות שלמה אלבוים,,0,0.1,,,,,
Survey_4145.pdf,חדשות 12,2026-09-09,,504,False,כוונת הצבעה — נתוני הדוח,2,מפלגות אחרות,,,0.5,,,,,
Survey_4145.pdf,חדשות 12,2026-09-09,,504,False,כוונת הצבעה — נתוני הדוח,2,לא החליטו — מדווח בנפרד,,,10.2,,,,,
